4
3
6
101
0.00000000000000000
0.00272479564032698
0.00544959128065395
0.00817438692098093
0.01089918256130790
0.01362397820163488
0.01634877384196185
0.01907356948228883
0.02179836512261580
0.02452316076294278
0.02724795640326975
0.02997275204359673
0.03269754768392370
0.03542234332425068
0.03814713896457766
0.04087193460490463
0.04359673024523161
0.04632152588555858
0.04904632152588555
0.05177111716621254
0.05449591280653951
0.05722070844686648
0.05994550408719346
0.06267029972752043
0.06539509536784741
0.06811989100817438
0.07084468664850135
0.07356948228882834
0.07629427792915532
0.07901907356948229
0.08174386920980926
0.08446866485013624
0.08719346049046321
0.08991825613079019
0.09264305177111716
0.09536784741144413
0.09809264305177111
0.10081743869209808
0.10354223433242507
0.10626702997275204
0.10899182561307902
0.11171662125340599
0.11444141689373297
0.11716621253405994
0.11989100817438691
0.12261580381471389
0.12534059945504086
0.12806539509536785
0.13079019073569481
0.13351498637602180
0.13623978201634876
0.13896457765667575
0.14168937329700271
0.14441416893732970
0.14713896457765668
0.14986376021798364
0.15258855585831063
0.15531335149863759
0.15803814713896458
0.16076294277929154
0.16348773841961853
0.16621253405994549
0.16893732970027248
0.17166212534059944
0.17438692098092642
0.17711171662125341
0.17983651226158037
0.18256130790190736
0.18528610354223432
0.18801089918256131
0.19073569482288827
0.19346049046321526
0.19618528610354222
0.19891008174386920
0.20163487738419617
0.20435967302452315
0.20708446866485014
0.20980926430517710
0.21253405994550409
0.21525885558583105
0.21798365122615804
0.22070844686648500
0.22343324250681199
0.22615803814713895
0.22888283378746593
0.23160762942779289
0.23433242506811988
0.23705722070844687
0.23978201634877383
0.24250681198910082
0.24523160762942778
0.24795640326975477
0.25068119891008173
0.25340599455040869
0.25613079019073570
0.25885558583106266
0.26158038147138962
0.26430517711171664
0.26702997275204360
0.26975476839237056
0.27247956403269752
0.99999987989991523
0.99999989900180908
0.99999992401076421
0.99999993013753996
0.99999992361469059
0.99999992223544476
0.99999992557121131
0.99999992677417093
0.99999991854732873
0.99999991126319621
0.99999991708394753
0.99999993065224324
0.99999993740337156
0.99999993170102175
0.99999992509359592
0.99999992435188600
0.99999992395733084
0.99999992208163924
0.99999992196349408
0.99999992325824250
0.99999992359878920
0.99999992317869890
0.99999992343934108
0.99999992342759558
0.99999992307945051
0.99999992299158313
0.99999992314192576
0.99999992285842854
0.99999992274245397
0.99999992268908278
0.99999992267956384
0.99999992238416036
0.99999992231838652
0.99999992222581313
0.99999992219448053
0.99999992186681552
0.99999992197391219
0.99999992181874009
0.99999992155945128
0.99999992154211859
0.99999992174052821
0.99999992094351786
0.99999992129037918
0.99999992160836748
0.99999992044443531
0.99999992062242038
0.99999992215699629
0.99999991945303945
0.99999991976736258
0.99999992326017928
0.99999991866721982
0.99999991722895099
0.99999992636067736
0.99999991801642640
0.99999991173390301
0.99999993166139489
0.99999992072930111
0.99999989833383551
0.99999994007602422
0.99999993286548094
0.99999987096044929
0.99999994554210347
0.99999997248958472
0.99999982070640048
0.99999992732919574
1.00000007245611999
0.99999975478075243
0.99999981987649089
1.00000028266483221
0.99999973858714863
0.99999948064610245
1.00000061138860330
1.00000001507134417
0.99999868565213657
1.00000083009304830
1.00000116254844640
0.99999736670776340
0.99999997302090160
1.00000405811632853
0.99999654139746919
0.99999574100859256
1.00000860610100872
1.00000039695627874
0.99998535557227985
1.00000908309178671
1.00001769727073975
0.99997423760384585
0.99998712168464210
1.00004753142595249
0.99999129555025912
0.99993335166218689
1.00002527963186871
0.99960592957310945
0.99750045512311980
0.99327385488347297
0.98746619675074987
0.98077601231533817
0.97359595901483476
0.96610306424382131
0.95840235198126633
0.95057181394262125
-0.00000008730746750
-0.00000008842078547
-0.00000008860217538
-0.00000008986854302
-0.00000008929329262
-0.00000008822457097
-0.00000008826593898
-0.00000009085648239
-0.00000008359859766
-0.00000007435932656
-0.00000008054750157
-0.00000009768847171
-0.00000010606444442
-0.00000009904640510
-0.00000009151935572
-0.00000009115818791
-0.00000009074824542
-0.00000008869406210
-0.00000008888781011
-0.00000009066513638
-0.00000009121090479
-0.00000009098148022
-0.00000009154326395
-0.00000009172582213
-0.00000009154747516
-0.00000009169269538
-0.00000009208493641
-0.00000009195082509
-0.00000009207166837
-0.00000009222419416
-0.00000009245357393
-0.00000009231243344
-0.00000009249520408
-0.00000009258520500
-0.00000009281075565
-0.00000009261570561
-0.00000009301214807
-0.00000009302019431
-0.00000009299330523
-0.00000009315481133
-0.00000009367967647
-0.00000009291941852
-0.00000009362391121
-0.00000009416844168
-0.00000009309471727
-0.00000009347130676
-0.00000009559729898
-0.00000009255613396
-0.00000009325051618
-0.00000009753435894
-0.00000009242686174
-0.00000009086784456
-0.00000010201695139
-0.00000009229016399
-0.00000008521197567
-0.00000010891914270
-0.00000009634370687
-0.00000006997248982
-0.00000011974326251
-0.00000011131794490
-0.00000003846614814
-0.00000012682067475
-0.00000015910689465
0.00000002039229441
-0.00000010619609801
-0.00000027799780904
0.00000009747407016
0.00000002033707329
-0.00000052769366395
0.00000011606287323
0.00000042072247898
-0.00000091726660413
-0.00000021219513750
0.00000136093902919
-0.00000117729887648
-0.00000157069878536
0.00000292077596209
-0.00000016420434496
-0.00000499804637533
0.00000389580476567
0.00000484224637838
-0.00001037895224847
-0.00000067033586361
0.00001713670493761
-0.00001095267518758
-0.00002115167626470
0.00003029895843164
0.00001511095585495
-0.00005624935786716
0.00001028668544690
0.00007887071110163
-0.00002990812446706
0.00046613333773822
0.00295309755704666
0.00792627678264728
0.01471831387167140
0.02248240414325857
0.03074322999734198
0.03928418922981102
0.04797663652592352
0.05672636265421439
2.49999973703508216
2.49999973649504525
2.49999973610562165
2.49999973846805412
2.49999973626607774
2.49999973463194758
2.49999973577108081
2.49999974112801304
2.49999971774927809
2.49999969000937261
2.49999970797263460
2.49999975756528503
2.49999978187032168
2.49999976043067385
2.49999973746579052
2.49999973568591249
2.49999973387559482
2.49999972700415807
2.49999972698158901
2.49999973152187449
2.49999973247485840
2.49999973111176654
2.49999973211642645
2.49999973196511593
2.49999973074612614
2.49999973050544355
2.49999973099705919
2.49999972998274878
2.49999972960953309
2.49999972941832960
2.49999972936759418
2.49999972834623252
2.49999972811934468
2.49999972778592783
2.49999972767960621
2.49999972653658276
2.49999972690702865
2.49999972636436274
2.49999972545917437
2.49999972539691528
2.49999972609085352
2.49999972330267495
2.49999972451597241
2.49999972562870543
2.49999972155532690
2.49999972217836097
2.49999972754896671
2.49999971808536969
2.49999971918575170
2.49999973140987697
2.49999971533527221
2.49999971030109647
2.49999974226142596
2.49999971305839352
2.49999969106690711
2.49999976081591191
2.49999972255160996
2.49999964416740506
2.49999979026863750
2.49999976502344179
2.49999954836831684
2.49999980939151500
2.49999990371325520
2.49999937248042547
2.49999974563547145
2.50000025361968969
2.49999914170152771
2.49999936960488656
2.50000098929463244
2.49999908505050605
2.49999818234547266
2.50000213966763418
2.50000005303565809
2.49999539948701122
2.50000290547145188
2.50000406918078832
2.49999078253251783
2.49999990735093913
2.50001420120524553
2.49998789645900255
2.49998509431357752
2.50003011698021904
2.50000139780964581
2.49994873389294314
2.50003180065986985
2.50006193808309307
2.49990982140800488
2.49995495651028099
2.50016631541131762
2.49996958589029017
2.49976670572602577
2.50008847172814175
2.49862101486784471
2.49126028205588934
2.47652188992792599
2.45635157631284606
2.43323346889109748
2.40856185263680045
2.38296924006975264
2.35683059753015067
2.33042138234985297
101
0.24250681198910082
0.24523160762942781
0.24795640326975477
0.25068119891008173
0.25340599455040874
0.25613079019073570
0.25885558583106266
0.26158038147138962
0.26430517711171664
0.26702997275204360
0.26975476839237056
0.27247956403269752
0.27520435967302453
0.27792915531335149
0.28065395095367845
0.28337874659400542
0.28610354223433243
0.28882833787465939
0.29155313351498635
0.29427792915531331
0.29700272479564033
0.29972752043596729
0.30245231607629425
0.30517711171662121
0.30790190735694822
0.31062670299727518
0.31335149863760214
0.31607629427792916
0.31880108991825612
0.32152588555858308
0.32425068119891004
0.32697547683923700
0.32970027247956402
0.33242506811989098
0.33514986376021794
0.33787465940054495
0.34059945504087191
0.34332425068119887
0.34604904632152583
0.34877384196185279
0.35149863760217981
0.35422343324250677
0.35694822888283373
0.35967302452316074
0.36239782016348770
0.36512261580381467
0.36784741144414168
0.37057220708446859
0.37329700272479560
0.37602179836512256
0.37874659400544952
0.38147138964577654
0.38419618528610350
0.38692098092643046
0.38964577656675747
0.39237057220708438
0.39509536784741139
0.39782016348773835
0.40054495912806531
0.40326975476839233
0.40599455040871929
0.40871934604904625
0.41144414168937327
0.41416893732970017
0.41689373297002719
0.41961852861035420
0.42234332425068111
0.42506811989100812
0.42779291553133508
0.43051771117166204
0.43324250681198906
0.43596730245231602
0.43869209809264298
0.44141689373296999
0.44414168937329690
0.44686648501362392
0.44959128065395088
0.45231607629427784
0.45504087193460485
0.45776566757493181
0.46049046321525877
0.46321525885558579
0.46594005449591269
0.46866485013623971
0.47138964577656667
0.47411444141689363
0.47683923705722064
0.47956403269754760
0.48228882833787456
0.48501362397820158
0.48773841961852848
0.49046321525885550
0.49318801089918252
0.49591280653950942
0.49863760217983644
0.50136239782016334
0.50408719346049036
0.50681198910081737
0.50953678474114428
0.51226158038147129
0.51498637602179831
0.99998280905599268
0.99993653722500719
1.00002352700961650
0.99960705094702273
0.99749967465090417
0.99327443668152915
0.98746573569548424
0.98077639499949010
0.97359563428888385
0.96610333458817055
0.95840216265688094
0.95057167280963928
0.94265264158834150
0.93467718774784170
0.92666788478020523
0.91864226155563267
0.91061133312293407
0.90258677899503992
0.89457432942918003
0.88658163363825315
0.87861220345883528
0.87067111348120474
0.86276057604011402
0.85488427448405824
0.84704356799689728
0.83924132574449062
0.83147839832129955
0.82375710453675055
0.81607797563247697
0.80844294002050854
0.80085230963675513
0.79330768461070267
0.78580920317957903
0.77835818330404838
0.77095461823444922
0.76359957301784886
0.75629291795980036
0.74903551365327870
0.74182713854388760
0.73466848451058375
0.72755927303006118
0.72050007338779043
0.71349058302757828
0.70653127440505403
0.69962183730387306
0.69276266856951008
0.68595345962224652
0.67919453292340781
0.67248557504483830
0.66582683538329168
0.65921799673413584
0.65265923876053866
0.64615024217291328
0.63969112850877841
0.63328159732104250
0.62692174212630503
0.62061130868318304
0.61435039075484965
0.60813881216029519
0.60197670442082751
0.59586400071453305
0.58980089268474711
0.58378743853662274
0.57782390665005379
0.57191049446498821
0.56604755594248068
0.56023543206351167
0.55447457007983403
0.54876546796930770
0.54310868702295412
0.53750491329771322
0.53195486526794156
0.52645947058139442
0.52101967619482059
0.51563675357695726
0.51031200855421066
0.50504720535503200
0.49984419307199168
0.49470548326231617
0.48963379253557926
0.48463276714779319
0.47970649693221695
0.47486048062527864
0.47010114237313089
0.46543708687860574
0.46087884595263862
0.45644076818931334
0.45214128077612015
0.44800585174516361
0.44406875627684861
0.44037801973606178
0.43699803183591934
0.43401282595874008
0.43151601188345434
0.42957874386786765
0.42819889089234031
0.42728747529022854
0.42671259328575967
0.42635582378239906
0.42613005300210943
0.42598954340745776
0.00002027739493677
0.00007511437020672
-0.00002784136104871
0.00046481286506847
0.00295401234917791
0.00792560058334801
0.01471884367520747
0.02248197023638542
0.03074359260226337
0.03928389300177808
0.04797683666529016
0.05672654079559805
0.06548290240045648
0.07420730647721992
0.08287277741564691
0.09145883756198948
0.09995257195857706
0.10834100900467207
0.11661773721152710
0.12477482698820980
0.13280867622074130
0.14071453037897658
0.14849046360658111
0.15613345454049535
0.16364267801598495
0.17101615853376886
0.17825374499254176
0.18535418230545303
0.19231775120498540
0.19914372185663440
0.20583268244774899
0.21238432273770225
0.21879946518853977
0.22507815689456179
0.23122140895770218
0.23722955736927037
0.24310376065453421
0.24884459027440767
0.25445331068176863
0.25993067017137200
0.26527799782644684
0.27049617429818290
0.27558656233750711
0.28055013812872415
0.28538827833374492
0.29010203604314388
0.29469279642096669
0.29916167678810229
0.30351006882120768
0.30773914827295962
0.31185031415794229
0.31584479105230739
0.31972397816717579
0.32348913230019288
0.32714164227350684
0.33068277996230327
0.33411390917680067
0.33743629472994668
0.34065126355992109
0.34376006193651676
0.34676397685105276
0.34966422891857019
0.35246206753931336
0.35515869060812882
0.35775532315858233
0.36025314895360239
0.36265338122722868
0.36495719658130316
0.36716580997570308
0.36928039817267494
0.37130218794863284
0.37323235727504867
0.37507214840615188
0.37682273724487847
0.37848538506272378
0.38006126393437589
0.38155165561214632
0.38295772099942188
0.38428076342486306
0.38552193370840898
0.38668256575447818
0.38776379500725211
0.38876698467666321
0.38969325702031699
0.39054401460791255
0.39132034510912861
0.39202364262888556
0.39265491514964995
0.39321550133175553
0.39370619028760562
0.39412805361830827
0.39448154921789491
0.39476775349002885
0.39498805796225234
0.39514719933759018
0.39525399938307509
0.39532177768885651
0.39536315371623010
0.39538856612742368
0.39540431779347351
0.39541417060056461
2.49993988346486917
2.49977785461186963
2.50008233743000696
2.49862493843718392
2.49125755590230602
2.47652391513594372
2.45634997909853503
2.43323478714442221
2.40856074097198070
2.38297015929820954
2.35682995905664416
2.33042090257160783
2.30388782615072252
2.27734298284152548
2.25086448938915673
2.22451200476946021
2.19832224833646528
2.17233328408319926
2.14656294539880621
2.12103464183842361
2.09575812212369028
2.07074758294672145
2.04600799107532438
2.02154854109302518
1.99737108722470524
1.97348186449352658
1.94988085022362911
1.92657227275440568
1.90355494288084448
1.88083165197695568
1.85840041155956515
1.83626285461227567
1.81441638427474894
1.79286166143912551
1.77159561117129982
1.75061807454998641
1.72992559874401119
1.70951737616268629
1.68938969600917810
1.66954125182798752
1.64996819639301551
1.63066886708083780
1.61163938159220721
1.59287782338322237
1.57438033400960165
1.55614480484114570
1.53816742304478771
1.52044591080130709
1.50297649808763301
1.48575674946282366
1.46878293324062170
1.45205247539530102
1.43556170129631555
1.41930794334886712
1.40328763016084235
1.38749807345926945
1.37193587403442296
1.35659840543971533
1.34148251324245749
1.32658571153897076
1.31190514781487044
1.29743852921082059
1.28318333552989938
1.26913749491119598
1.25529882752687461
1.24166549004140059
1.22823564150837705
1.21500767990624348
1.20198011461620169
1.18915161565391236
1.17652109394295468
1.16408758093065390
1.15185049031004128
1.13980935420392115
1.12796428528319126
1.11631557794861869
1.10486433022980179
1.09361195917073584
1.08256104505919004
1.07171476927660048
1.06107793800231542
1.05065647404715246
1.04045880495200826
1.03049548198293439
1.02078099269303224
1.01133396395886388
1.00218009613462300
0.99335351204143263
0.98490164410052605
0.97688966992874848
0.96940909813156073
0.96258399712763187
0.95657599820993544
0.95156550203258650
0.94768671104285584
0.94492890677959063
0.94310927444577053
0.94196263361011678
0.94125119145449909
0.94080131633761499
0.94052119343685159
101
0.48501362397820164
0.48773841961852860
0.49046321525885561
0.49318801089918257
0.49591280653950953
0.49863760217983649
0.50136239782016345
0.50408719346049047
0.50681198910081748
0.50953678474114439
0.51226158038147140
0.51498637602179831
0.51771117166212532
0.52043596730245234
0.52316076294277924
0.52588555858310626
0.52861035422343328
0.53133514986376018
0.53405994550408720
0.53678474114441421
0.53950953678474112
0.54223433242506813
0.54495912806539515
0.54768392370572205
0.55040871934604907
0.55313351498637597
0.55585831062670299
0.55858310626703001
0.56130790190735691
0.56403269754768393
0.56675749318801094
0.56948228882833785
0.57220708446866486
0.57493188010899177
0.57765667574931878
0.58038147138964580
0.58310626702997270
0.58583106267029972
0.58855585831062673
0.59128065395095364
0.59400544959128065
0.59673024523160767
0.59945504087193457
0.60217983651226159
0.60490463215258861
0.60762942779291551
0.61035422343324253
0.61307901907356954
0.61580381471389645
0.61852861035422346
0.62125340599455037
0.62397820163487738
0.62670299727520429
0.62942779291553130
0.63215258855585832
0.63487738419618522
0.63760217983651224
0.64032697547683926
0.64305177111716616
0.64577656675749318
0.64850136239782019
0.65122615803814710
0.65395095367847411
0.65667574931880113
0.65940054495912803
0.66212534059945505
0.66485013623978206
0.66757493188010897
0.67029972752043598
0.67302452316076300
0.67574931880108990
0.67847411444141692
0.68119891008174382
0.68392370572207084
0.68664850136239775
0.68937329700272476
0.69209809264305178
0.69482288828337868
0.69754768392370570
0.70027247956403271
0.70299727520435962
0.70572207084468663
0.70844686648501365
0.71117166212534055
0.71389645776566757
0.71662125340599458
0.71934604904632149
0.72207084468664851
0.72479564032697552
0.72752043596730243
0.73024523160762944
0.73297002724795646
0.73569482288828336
0.73841961852861027
0.74114441416893739
0.74386920980926430
0.74659400544959120
0.74931880108991833
0.75204359673024523
0.75476839237057214
0.75749318801089915
0.44406881438251966
0.44037797112675536
0.43699807947037683
0.43401277736498894
0.43151606198733056
0.42957869205483085
0.42819894440000500
0.42728742034564726
0.42671264904823059
0.42635576851511225
0.42613010431523907
0.42598951231418569
0.42593215021693909
0.42596526534130852
0.42605880535169921
0.42615668166861509
0.42622712605540553
0.42627379711981384
0.42630562578879705
0.42632346828654288
0.42633074448396496
0.42633312346990015
0.42632833360247696
0.42631181942474905
0.42629148750314200
0.42628381594694559
0.42629342782093055
0.42630568807392477
0.42630337174367811
0.42628603050716163
0.42626986714266446
0.42626980947768262
0.42628318298299545
0.42629246990704672
0.42628492826528086
0.42626694414852301
0.42625665769853449
0.42626387711983904
0.42627915437578434
0.42628375804938295
0.42627097051839974
0.42625404435431363
0.42625021181406941
0.42626181633821253
0.42627560104633511
0.42627549981818252
0.42625948171933437
0.42624916603777951
0.42626992463195812
0.42631555790038728
0.42635231976128618
0.42635896977184384
0.42633929358924078
0.42630530849864362
0.42627451449318043
0.42626458550485002
0.42626948434615380
0.42626718102836431
0.42625790045886069
0.42625800627545896
0.42625924404556786
0.42623118998206594
0.42613820089776039
0.42589184872286412
0.42528334546433216
0.42397897615369040
0.42154164012937984
0.41742293271643205
0.41096468905258238
0.40145983650625716
0.38834151051309290
0.37159434897323668
0.35218920533498937
0.33203669672346436
0.31331490021937769
0.29766230135371924
0.28577210967702621
0.27748743852110297
0.27216225098079794
0.26900741004113077
0.26729024195214357
0.26642196603943774
0.26599489532932385
0.26577424871481486
0.26564709224841759
0.26556785891132578
0.26552293962863494
0.26550486077246127
0.26549795340055865
0.26548546477659690
0.26546278931876460
0.26543762844084523
0.26541789717587400
0.26540538476002717
0.26540250804789012
0.26541752614870423
0.26545321464375932
0.26549220482970048
0.26550766094514217
0.26549249747411402
0.26546211373075712
0.39370620745355206
0.39412802014199250
0.39448158617552870
0.39476771379610720
0.39498810011454227
0.39514715492715852
0.39525404579758255
0.39532172964491907
0.39536320280939435
0.39538851695427146
0.39540436501560289
0.39541413292360672
0.39541805575462297
0.39541573028250870
0.39540926752810174
0.39540251091378198
0.39539762037666049
0.39539431848561418
0.39539202786743949
0.39539078402867101
0.39539035813968476
0.39539021793363366
0.39539047151962670
0.39539156050663871
0.39539299579707698
0.39539356020996663
0.39539291067601245
0.39539207074421695
0.39539220218988091
0.39539336142376402
0.39539448649112424
0.39539452256784430
0.39539362599051520
0.39539302291393219
0.39539356097605877
0.39539473595878810
0.39539520633437580
0.39539417794081338
0.39539233203526697
0.39539109295512620
0.39539084180073802
0.39539057674345934
0.39538925851122525
0.39538668997805021
0.39538366130172625
0.39538194613655231
0.39538268782926650
0.39538432025242637
0.39538409333199354
0.39538191345603030
0.39538031442534355
0.39538087034000247
0.39538325192496127
0.39538727632431675
0.39539247168205949
0.39539633444931688
0.39539691384451386
0.39539577712902624
0.39539403698195585
0.39538918095784353
0.39537877529086918
0.39535372603259922
0.39527213040154691
0.39503444972954183
0.39446055149183162
0.39325172635087408
0.39097604951967152
0.38711435704607428
0.38109485586626013
0.37228490107536127
0.36013258498051071
0.34460278340759914
0.32660697855480952
0.30792837640199489
0.29058283395580597
0.27608147045597509
0.26506303295513939
0.25738310349615895
0.25244488537729415
0.24951768796917825
0.24792316768740738
0.24711593246136912
0.24671753483658837
0.24651152860702855
0.24639535298253373
0.24632250973046191
0.24626961419680327
0.24622704927532396
0.24619425132068243
0.24617273895465194
0.24616133033306276
0.24615746370422456
0.24615792082213606
0.24615939903507367
0.24616388363450092
0.24618085557336999
0.24621476980776436
0.24625062325584876
0.24626385671644282
0.24624852657443189
0.24622050864255113
0.97688974549051066
0.96940904472640155
0.96258404491094585
0.95657595170277443
0.95156554847650865
0.94768666411830260
0.94492895439773206
0.94310922624838933
0.94196268182735832
0.94125114458742876
0.94080135796281184
0.94052117607719421
0.94040683310533657
0.94047278617736807
0.94065922310291683
0.94085436682098489
0.94099479344085468
0.94108775967398095
0.94115115509446412
0.94118673819409582
0.94120128827282401
0.94120608820224771
0.94119655384368117
0.94116354243431477
0.94112292254610241
0.94110767502774373
0.94112690472487315
0.94115130778928158
0.94114665241677242
0.94111214776059693
0.94107999398427744
0.94107985524734006
0.94110643642933278
0.94112485933802248
0.94110977953326425
0.94107408417661376
0.94105404545482707
0.94106917995985384
0.94110070780489619
0.94111142450788643
0.94108785814341500
0.94105636150799321
0.94105148871502919
0.94107765934249188
0.94110761129187337
0.94110908742343136
0.94107829016084610
0.94105769437419029
0.94109734995308958
0.94118599967837324
0.94125751903680666
0.94126928720919900
0.94122836073267691
0.94115796654288120
0.94109193810706637
0.94106718448735616
0.94107543421955808
0.94107290858240555
0.94105817626853250
0.94106595626182665
0.94108459347107121
0.94107101521982517
0.94102370325717644
0.94093210813154982
0.94068523761979017
0.94012255262464361
0.93909780542227050
0.93739263023937835
0.93466384356682486
0.93056952919924119
0.92490646292320411
0.91770277769622033
0.90935787960530257
0.90067179712212919
0.89258610207928168
0.88582145832486847
0.88068632138025249
0.87711288946080390
0.87481913025826452
0.87346322857726033
0.87272736077643420
0.87235667943463790
0.87217650783985845
0.87208298662124639
0.87202270899377199
0.87198562067124252
0.87198995470528551
0.87203858162289094
0.87209359092775607
0.87210974692178167
0.87207814624475499
0.87202380539455138
0.87197365831290596
0.87193956810729856
0.87192307562320404
0.87192366893679163
0.87193810430688423
0.87195664072622470
0.87196664184800399
0.87196372280821233
0.87195093276081836
101
0.72752043596730243
0.73024523160762944
0.73297002724795635
0.73569482288828336
0.73841961852861038
0.74114441416893728
0.74386920980926430
0.74659400544959120
0.74931880108991822
0.75204359673024523
0.75476839237057214
0.75749318801089915
0.76021798365122617
0.76294277929155307
0.76566757493188009
0.76839237057220711
0.77111716621253401
0.77384196185286103
0.77656675749318804
0.77929155313351495
0.78201634877384196
0.78474114441416887
0.78746594005449588
0.79019073569482290
0.79291553133514980
0.79564032697547682
0.79836512261580383
0.80108991825613074
0.80381471389645776
0.80653950953678477
0.80926430517711168
0.81198910081743869
0.81471389645776560
0.81743869209809261
0.82016348773841963
0.82288828337874653
0.82561307901907355
0.82833787465940056
0.83106267029972747
0.83378746594005448
0.83651226158038150
0.83923705722070840
0.84196185286103542
0.84468664850136244
0.84741144414168934
0.85013623978201636
0.85286103542234337
0.85558583106267028
0.85831062670299729
0.86103542234332431
0.86376021798365121
0.86648501362397823
0.86920980926430513
0.87193460490463215
0.87465940054495905
0.87738419618528607
0.88010899182561309
0.88283378746593999
0.88555858310626701
0.88828337874659402
0.89100817438692093
0.89373297002724794
0.89645776566757496
0.89918256130790186
0.90190735694822888
0.90463215258855589
0.90735694822888280
0.91008174386920981
0.91280653950953683
0.91553133514986373
0.91825613079019075
0.92098092643051777
0.92370572207084467
0.92643051771117169
0.92915531335149870
0.93188010899182561
0.93460490463215262
0.93732970027247953
0.94005449591280654
0.94277929155313345
0.94550408719346046
0.94822888283378748
0.95095367847411438
0.95367847411444140
0.95640326975476841
0.95912806539509532
0.96185286103542234
0.96457765667574935
0.96730245231607626
0.97002724795640327
0.97275204359673029
0.97547683923705719
0.97820163487738421
0.98092643051771122
0.98365122615803813
0.98637602179836514
0.98910081743869216
0.99182561307901906
0.99455040871934608
0.99727520435967310
1.00000000000000000
0.26548541099676981
0.26546278528684625
0.26543763218881344
0.26541789528690624
0.26540538472588449
0.26540251050997588
0.26541752032441013
0.26545322560220774
0.26549218521009327
0.26550769810861863
0.26549240927677425
0.26546248663207039
0.26543479508423257
0.26541590297625006
0.26541369417131122
0.26543983176392438
0.26549444965023644
0.26555910366381191
0.26561043418426317
0.26563490693743397
0.26563062368525259
0.26560170462593974
0.26555886240859577
0.26552452445570174
0.26552290451425714
0.26555177449652162
0.26557811560705091
0.26557457596280237
0.26554855469522015
0.26552260512080500
0.26550452669977564
0.26549824502059005
0.26551676054017925
0.26555410556666376
0.26558116006426347
0.26557826640531168
0.26555502283684507
0.26553977396104433
0.26553670303057181
0.26553480040598376
0.26545835069050799
0.26472774661038434
0.26170121465795870
0.25361329823944467
0.23748120102972178
0.21226565798412739
0.18156588393177811
0.15356845760754242
0.13542396963247297
0.12751593293352839
0.12533909862201975
0.12501921935513957
0.12500295941407616
0.12499743011777457
0.12500191887442352
0.12499902298187014
0.12500006628639432
0.12500048534024463
0.12499931169327688
0.12500056932278655
0.12499964965163207
0.12500008927727785
0.12500005689016033
0.12499985968892816
0.12500010826425867
0.12499992420282538
0.12500000013149409
0.12500001934867230
0.12499994852038306
0.12500002296065399
0.12499997017089305
0.12500001331070854
0.12499997593381409
0.12499997183921796
0.12499997394182662
0.12499999150277316
0.12499997216937736
0.12499998130351996
0.12499997265498194
0.12499998884016453
0.12499996620968361
0.12499997314208947
0.12499997032823451
0.12499998730870780
0.12499997423652130
0.12499997899879794
0.12499997162097708
0.12499998412293624
0.12499997586729976
0.12499998365612174
0.12499997769399876
0.12499998603810455
0.12499997912951971
0.12499998554207539
0.12499997890593308
0.12499998239833009
0.12499997761922675
0.12499998154981706
0.12499997875183022
0.12499997664414048
0.12499997171433828
0.24617255339319191
0.24616133316507482
0.24615746942371533
0.24615791573434348
0.24615940221134380
0.24616388320863244
0.24618085243699070
0.24621477798569494
0.24625060689256989
0.24626388946942820
0.24624844626917738
0.24622085310537195
0.24619893013216801
0.24618810339900102
0.24618947044361703
0.24620833823067131
0.24624904631513897
0.24630182224814845
0.24634112171325739
0.24634529553748211
0.24631841521865946
0.24628295771488667
0.24625678248173175
0.24624875316091852
0.24626464999475883
0.24629648449360164
0.24632090975806575
0.24632152819376182
0.24630333850205410
0.24627981148039363
0.24625632992844160
0.24624062093452098
0.24625044939608509
0.24628266417392808
0.24631334103581742
0.24632166031620095
0.24630304789765939
0.24628573647264831
0.24627451567964959
0.24626086222528412
0.24608608809330842
0.24448818080964574
0.23789719901779294
0.22048351178435591
0.18667271839965360
0.13652627632883868
0.08080030484632977
0.03641712113820945
0.01198617803556576
0.00273060498236535
0.00035387658210160
0.00002480372138603
0.00000092445229581
-0.00000207580541034
0.00000233184645282
-0.00000167209345525
0.00000080116555702
-0.00000004445409874
-0.00000031899231950
0.00000041640790145
-0.00000027459981234
0.00000012184578568
0.00000004077628455
-0.00000007899798298
0.00000009628303585
-0.00000003337870163
0.00000001552157211
0.00000003108802165
-0.00000001677150342
0.00000003894424282
-0.00000000795706855
0.00000000498922397
0.00000002353326452
0.00000002520458613
0.00000002737687617
0.00000001646281278
0.00000001769035248
0.00000002452408559
0.00000002290430188
0.00000002630403286
0.00000001578040046
0.00000001252862534
0.00000002153232260
0.00000003185317083
0.00000002914737912
0.00000002347514564
0.00000002251180044
0.00000002405185689
0.00000002102388040
0.00000001970746456
0.00000001965083707
0.00000001879943317
0.00000001786131444
0.00000001762165806
0.00000001978538503
0.00000002009741659
0.00000002101542588
0.00000002114531769
0.00000002055567582
0.00000002234671869
0.00000002037929041
0.87210938920147651
0.87207813059801842
0.87202383272172057
0.87197363356294411
0.87193958918447845
0.87192305862783237
0.87192368234532014
0.87193809411479106
0.87195664712518461
0.87196664236870680
0.87196370166679638
0.87195107392082716
0.87193114417633955
0.87190809687130422
0.87189941963332873
0.87192219650614078
0.87196737724915940
0.87201042360346714
0.87205022650932607
0.87210121338855384
0.87214960770750372
0.87215567329125554
0.87210646799660607
0.87203750229459676
0.87199785505396588
0.87199851428625352
0.87200931722220520
0.87199966216309943
0.87197416544155004
0.87196098104562747
0.87196744633262402
0.87198286926760593
0.87200838570865125
0.87202683189472330
0.87202414530454686
0.87200607518489170
0.87197948331969388
0.87198697369891176
0.87200411017629753
0.87200201644718756
0.87157182510217079
0.86746885899009774
0.85059443953011526
0.80619320713590181
0.72035925148192836
0.59383550203530089
0.45415299303235346
0.34304167237975186
0.28115574631360679
0.25718178403975167
0.25093961245806085
0.25006345223939880
0.25000292866565793
0.24999476117459812
0.25000548141988260
0.24999617322943241
0.25000151638476176
0.25000022104995617
0.24999884237477082
0.25000119008054328
0.24999914561176845
0.25000029250679329
0.25000004237449514
0.24999973365799261
0.25000020244639304
0.24999985084068393
0.24999997215472880
0.25000005740859427
0.24999986650110537
0.25000004903291423
0.24999993042355945
0.25000002755719009
0.24999993773740478
0.24999991988943135
0.24999992604915494
0.24999997839680799
0.24999992001145921
0.24999994948274246
0.24999992254887085
0.24999996940405117
0.24999990556309204
0.24999992487339004
0.24999991750969197
0.24999996452809514
0.24999992844490060
0.24999994158364627
0.24999992105096933
0.24999995605976913
0.24999993314080435
0.24999995499975997
0.24999993813705357
0.24999996184558218
0.24999994282640725
0.24999996033139196
0.24999994175891072
0.24999995269401601
0.24999993916603766
0.24999994820463092
0.24999994245240501
0.24999994556935715
0.24999993868678910
