1
3
6
401
0.00000000000000000
0.00250000000000000
0.00500000000000000
0.00750000000000000
0.01000000000000000
0.01250000000000000
0.01500000000000000
0.01750000000000000
0.02000000000000000
0.02250000000000000
0.02500000000000000
0.02750000000000000
0.03000000000000000
0.03250000000000000
0.03500000000000000
0.03750000000000000
0.04000000000000000
0.04250000000000000
0.04500000000000000
0.04750000000000000
0.05000000000000000
0.05250000000000000
0.05500000000000000
0.05750000000000000
0.06000000000000000
0.06250000000000000
0.06500000000000000
0.06750000000000000
0.07000000000000001
0.07250000000000000
0.07500000000000000
0.07750000000000000
0.08000000000000000
0.08250000000000000
0.08500000000000001
0.08750000000000001
0.09000000000000000
0.09250000000000000
0.09500000000000000
0.09750000000000000
0.10000000000000001
0.10250000000000001
0.10500000000000000
0.10750000000000000
0.11000000000000000
0.11250000000000000
0.11500000000000000
0.11750000000000001
0.12000000000000000
0.12250000000000000
0.12500000000000000
0.12750000000000000
0.13000000000000000
0.13250000000000001
0.13500000000000001
0.13750000000000001
0.14000000000000001
0.14250000000000002
0.14499999999999999
0.14749999999999999
0.14999999999999999
0.15250000000000000
0.15500000000000000
0.15750000000000000
0.16000000000000000
0.16250000000000001
0.16500000000000001
0.16750000000000001
0.17000000000000001
0.17250000000000001
0.17500000000000002
0.17749999999999999
0.17999999999999999
0.18250000000000000
0.18500000000000000
0.18750000000000000
0.19000000000000000
0.19250000000000000
0.19500000000000001
0.19750000000000001
0.20000000000000001
0.20250000000000001
0.20500000000000002
0.20750000000000002
0.20999999999999999
0.21249999999999999
0.21500000000000000
0.21750000000000000
0.22000000000000000
0.22250000000000000
0.22500000000000001
0.22750000000000001
0.23000000000000001
0.23250000000000001
0.23500000000000001
0.23750000000000002
0.23999999999999999
0.24249999999999999
0.24500000000000000
0.24750000000000000
0.25000000000000000
0.25250000000000000
0.25500000000000000
0.25750000000000001
0.26000000000000001
0.26250000000000001
0.26500000000000001
0.26750000000000002
0.27000000000000002
0.27250000000000002
0.27500000000000002
0.27750000000000002
0.28000000000000003
0.28250000000000003
0.28500000000000003
0.28750000000000003
0.28999999999999998
0.29249999999999998
0.29499999999999998
0.29749999999999999
0.29999999999999999
0.30249999999999999
0.30499999999999999
0.30750000000000000
0.31000000000000000
0.31250000000000000
0.31500000000000000
0.31750000000000000
0.32000000000000001
0.32250000000000001
0.32500000000000001
0.32750000000000001
0.33000000000000002
0.33250000000000002
0.33500000000000002
0.33750000000000002
0.34000000000000002
0.34250000000000003
0.34500000000000003
0.34750000000000003
0.35000000000000003
0.35249999999999998
0.35499999999999998
0.35749999999999998
0.35999999999999999
0.36249999999999999
0.36499999999999999
0.36749999999999999
0.37000000000000000
0.37250000000000000
0.37500000000000000
0.37750000000000000
0.38000000000000000
0.38250000000000001
0.38500000000000001
0.38750000000000001
0.39000000000000001
0.39250000000000002
0.39500000000000002
0.39750000000000002
0.40000000000000002
0.40250000000000002
0.40500000000000003
0.40750000000000003
0.41000000000000003
0.41250000000000003
0.41500000000000004
0.41749999999999998
0.41999999999999998
0.42249999999999999
0.42499999999999999
0.42749999999999999
0.42999999999999999
0.43250000000000000
0.43500000000000000
0.43750000000000000
0.44000000000000000
0.44250000000000000
0.44500000000000001
0.44750000000000001
0.45000000000000001
0.45250000000000001
0.45500000000000002
0.45750000000000002
0.46000000000000002
0.46250000000000002
0.46500000000000002
0.46750000000000003
0.47000000000000003
0.47250000000000003
0.47500000000000003
0.47750000000000004
0.47999999999999998
0.48249999999999998
0.48499999999999999
0.48749999999999999
0.48999999999999999
0.49249999999999999
0.49500000000000000
0.49750000000000000
0.50000000000000000
0.50250000000000006
0.50500000000000000
0.50750000000000006
0.51000000000000001
0.51249999999999996
0.51500000000000001
0.51749999999999996
0.52000000000000002
0.52249999999999996
0.52500000000000002
0.52749999999999997
0.53000000000000003
0.53249999999999997
0.53500000000000003
0.53749999999999998
0.54000000000000004
0.54249999999999998
0.54500000000000004
0.54749999999999999
0.55000000000000004
0.55249999999999999
0.55500000000000005
0.55750000000000000
0.56000000000000005
0.56250000000000000
0.56500000000000006
0.56750000000000000
0.57000000000000006
0.57250000000000001
0.57500000000000007
0.57750000000000001
0.57999999999999996
0.58250000000000002
0.58499999999999996
0.58750000000000002
0.58999999999999997
0.59250000000000003
0.59499999999999997
0.59750000000000003
0.59999999999999998
0.60250000000000004
0.60499999999999998
0.60750000000000004
0.60999999999999999
0.61250000000000004
0.61499999999999999
0.61750000000000005
0.62000000000000000
0.62250000000000005
0.62500000000000000
0.62750000000000006
0.63000000000000000
0.63250000000000006
0.63500000000000001
0.63750000000000007
0.64000000000000001
0.64249999999999996
0.64500000000000002
0.64749999999999996
0.65000000000000002
0.65249999999999997
0.65500000000000003
0.65749999999999997
0.66000000000000003
0.66249999999999998
0.66500000000000004
0.66749999999999998
0.67000000000000004
0.67249999999999999
0.67500000000000004
0.67749999999999999
0.68000000000000005
0.68250000000000000
0.68500000000000005
0.68750000000000000
0.69000000000000006
0.69250000000000000
0.69500000000000006
0.69750000000000001
0.70000000000000007
0.70250000000000001
0.70499999999999996
0.70750000000000002
0.70999999999999996
0.71250000000000002
0.71499999999999997
0.71750000000000003
0.71999999999999997
0.72250000000000003
0.72499999999999998
0.72750000000000004
0.72999999999999998
0.73250000000000004
0.73499999999999999
0.73750000000000004
0.73999999999999999
0.74250000000000005
0.74500000000000000
0.74750000000000005
0.75000000000000000
0.75250000000000006
0.75500000000000000
0.75750000000000006
0.76000000000000001
0.76250000000000007
0.76500000000000001
0.76750000000000007
0.77000000000000002
0.77249999999999996
0.77500000000000002
0.77749999999999997
0.78000000000000003
0.78249999999999997
0.78500000000000003
0.78749999999999998
0.79000000000000004
0.79249999999999998
0.79500000000000004
0.79749999999999999
0.80000000000000004
0.80249999999999999
0.80500000000000005
0.80750000000000000
0.81000000000000005
0.81250000000000000
0.81500000000000006
0.81750000000000000
0.82000000000000006
0.82250000000000001
0.82500000000000007
0.82750000000000001
0.83000000000000007
0.83250000000000002
0.83499999999999996
0.83750000000000002
0.83999999999999997
0.84250000000000003
0.84499999999999997
0.84750000000000003
0.84999999999999998
0.85250000000000004
0.85499999999999998
0.85750000000000004
0.85999999999999999
0.86250000000000004
0.86499999999999999
0.86750000000000005
0.87000000000000000
0.87250000000000005
0.87500000000000000
0.87750000000000006
0.88000000000000000
0.88250000000000006
0.88500000000000001
0.88750000000000007
0.89000000000000001
0.89250000000000007
0.89500000000000002
0.89749999999999996
0.90000000000000002
0.90249999999999997
0.90500000000000003
0.90749999999999997
0.91000000000000003
0.91249999999999998
0.91500000000000004
0.91749999999999998
0.92000000000000004
0.92249999999999999
0.92500000000000004
0.92749999999999999
0.93000000000000005
0.93250000000000000
0.93500000000000005
0.93750000000000000
0.94000000000000006
0.94250000000000000
0.94500000000000006
0.94750000000000001
0.95000000000000007
0.95250000000000001
0.95500000000000007
0.95750000000000002
0.95999999999999996
0.96250000000000002
0.96499999999999997
0.96750000000000003
0.96999999999999997
0.97250000000000003
0.97499999999999998
0.97750000000000004
0.97999999999999998
0.98250000000000004
0.98499999999999999
0.98750000000000004
0.98999999999999999
0.99250000000000005
0.99500000000000000
0.99750000000000005
1.00000000000000000
1.00000000000000000
1.00000000000000000
1.00000000000000000
1.00000000002079936
1.00000000002207035
1.00000000002828826
1.00000000003054934
1.00000000003063749
1.00000000002995093
1.00000000002928413
1.00000000002907874
1.00000000002923350
1.00000000002950573
1.00000000002972333
1.00000000002984413
1.00000000002990830
1.00000000002997291
1.00000000003005662
1.00000000003015743
1.00000000003026313
1.00000000003036638
1.00000000003046763
1.00000000003056755
1.00000000003066725
1.00000000003076694
1.00000000003086509
1.00000000003096345
1.00000000003106027
1.00000000003115574
1.00000000003125655
1.00000000003135714
1.00000000003145817
1.00000000003155587
1.00000000003165201
1.00000000003174683
1.00000000003184031
1.00000000003193512
1.00000000003203682
1.00000000003213918
1.00000000003224043
1.00000000003234102
1.00000000003243872
1.00000000003253664
1.00000000003263256
1.00000000003273315
1.00000000003283485
1.00000000003293810
1.00000000003304046
1.00000000003314171
1.00000000003324163
1.00000000003334044
1.00000000003343392
1.00000000003352629
1.00000000003362066
1.00000000003371792
1.00000000003381473
1.00000000003390310
1.00000000003398593
1.00000000003412071
1.00000000003448797
1.00000000003512102
1.00000000003542078
1.00000000003423684
1.00000000003172440
1.00000000003127054
1.00000000003783085
1.00000000004973333
1.00000000005061174
1.00000000001899236
0.99999999996500366
0.99999999996289957
1.00000000010644063
1.00000000035232706
1.00000000038215142
0.99999999977848830
0.99999999866448486
0.99999999832058106
1.00000000062164918
1.00000000556709057
1.00000000845740988
1.00000000103043218
0.99999998020703040
0.99999996070340791
0.99999997672163232
1.00000005544673587
1.00000016509175715
1.00000018078918540
0.99999994049874796
0.99999942805168474
0.99999899462389297
0.99999937051870380
1.00000118410548700
1.00000397734819502
1.00000531823201300
1.00000119170774737
0.99998868238235550
0.99997077032011294
0.99996026027735108
0.99997424069831997
1.00001846996495058
1.00007388144934861
1.00003772327149587
0.99961341995043074
0.99824100185965636
0.99547678598852818
0.99124414575863684
0.98575520326695998
0.97934684783218540
0.97234004135450636
0.96497257631105338
0.95739551708241666
0.94969726096247142
0.94192918121385982
0.93412293110448119
0.92629966956257848
0.91847446066622329
0.91065841056196550
0.90285985920737744
0.89508515378494358
0.88733918790145638
0.87962578292720206
0.87194795802461766
0.86430812242520894
0.85670821417198273
0.84914980211580016
0.84163416237572397
0.83416233658902328
0.82673517676386743
0.81935338007450431
0.81201751610137640
0.80472804843851053
0.79748535207956472
0.79028972755761062
0.78314141251466562
0.77604059121540292
0.76898740242807184
0.76198194601111913
0.75502428845905645
0.74811446760316846
0.74125249664220505
0.73443836766937198
0.72767205482943231
0.72095351717568479
0.71428270123061532
0.70765954322446356
0.70108397100524023
0.69455590565678005
0.68807526288568610
0.68164195421793705
0.67525588799010972
0.66891697006441642
0.66262510417650111
0.65638019185279139
0.65018213189514318
0.64403081949497210
0.63792614508299417
0.63186799303742758
0.62585624037311960
0.61989075553178696
0.61397139739835560
0.60809801467763958
0.60227044576787303
0.59648851925095436
0.59075205507720352
0.58506086645792621
0.57941476240367118
0.57381355077840246
0.56825704170343438
0.56274505116615237
0.55727740479127785
0.55185394192447212
0.54647452042785571
0.54113902279259729
0.53584736415792344
0.53059950238477771
0.52539544941265381
0.52023528201379743
0.51511914952257443
0.51004727694883323
0.50501996431593010
0.50003758548608501
0.49510059019328434
0.49020950969399607
0.48536496371051124
0.48056766634885956
0.47581843532303031
0.47111820139620042
0.46646799078354823
0.46186879719633217
0.45732124964649046
0.45282511826463762
0.44837936273085160
0.44398533412393465
0.43965900104970840
0.43546113436231687
0.43154573883375008
0.42820419062033604
0.42583746322511118
0.42476564333976502
0.42492837636086417
0.42584632628487368
0.42686141059786009
0.42741254703158393
0.42729592884452483
0.42670550325775924
0.42601631157100828
0.42554962805235325
0.42543484258819003
0.42560027806764911
0.42587512277418477
0.42610898323252072
0.42623943098732531
0.42628735780259014
0.42630592894566238
0.42633161074008713
0.42636739983775068
0.42639642630507596
0.42640499273882826
0.42639534460482575
0.42638202630379235
0.42637886903969757
0.42638836654951812
0.42640090894689375
0.42640295341769446
0.42638699142424524
0.42635600226698195
0.42632019840958396
0.42628976537619373
0.42626946007176075
0.42625832010963094
0.42625318445051646
0.42625217041852248
0.42625537291769128
0.42626316928559743
0.42627453011584610
0.42628709774783047
0.42629865314015564
0.42630829880042170
0.42631633756864368
0.42632336275606469
0.42632967863785237
0.42633535081640617
0.42634023466560766
0.42634363137482006
0.42634435544589566
0.42634206377082978
0.42633886964513407
0.42633860780087063
0.42634271613854929
0.42634629974709176
0.42634040369572962
0.42632169144873688
0.42630098260351357
0.42629825693647666
0.42632237027605679
0.42635270518822621
0.42634718031580671
0.42628107957740691
0.42618643457059185
0.42614661185041447
0.42623065945326466
0.42641319441584841
0.42655713144945095
0.42649931868619539
0.42619298791443444
0.42578759570243208
0.42555691153690295
0.42571316381248481
0.42619917437299598
0.42665368536082476
0.42655549492273553
0.42488466257946134
0.41764843249316214
0.39767018913928864
0.36440559786050936
0.32506357682159798
0.28993851285247585
0.26718311504388642
0.25822485643665943
0.25717363956777273
0.25867252640878324
0.26127525507668065
0.26411393860867172
0.26647828812357716
0.26791692587514737
0.26831326551528834
0.26786244039157303
0.26691224956181486
0.26580237066361045
0.26482222502260194
0.26416617842575757
0.26391105724309427
0.26402775729318445
0.26441503418666862
0.26494196045952179
0.26548044405138854
0.26592684277313061
0.26621532894156741
0.26632284440724030
0.26626581206522060
0.26608903445590704
0.26584970005177128
0.26560232006870238
0.26538961559251950
0.26524029872003896
0.26517029905219325
0.26518305318491464
0.26526793761340756
0.26540016870060745
0.26554600533455364
0.26567291669728726
0.26575939547025740
0.26579843020718558
0.26579353351044283
0.26575223399596315
0.26568313301169222
0.26559780479011869
0.26551308465934442
0.26544858710165475
0.26541914768273228
0.26542756691122082
0.26546414177352839
0.26551381969206739
0.26556431572264577
0.26560869611278287
0.26564306650305980
0.26566284418501740
0.26566111149297600
0.26563504396403131
0.26559501500482363
0.26555724932439273
0.26552955163467135
0.26551811849226797
0.26552699016423048
0.26553550013925126
0.26553444577019147
0.26556805765415298
0.26562148398875846
0.26549148886836166
0.26431027652009664
0.24973588631731042
0.17940593776646255
0.13036757267785468
0.12533062971253991
0.12499715568431541
0.12499534219606943
0.12500927738473525
0.12500203866674581
0.12499909606301565
0.12499977217312921
0.12500015897324132
0.12500004013079283
0.12499997375263987
0.12499999442463106
0.12500000453480542
0.12500000074301643
0.12499999924790131
0.12499999991511797
0.12500000012855331
0.12500000001365597
0.12499999998380600
0.12500000000323777
0.12500000000727773
0.12500000000400713
0.12500000000346273
0.12500000000398789
0.12500000000403627
0.12500000000393008
0.12500000000390982
0.12500000000391792
0.12500000000390890
0.12500000000389208
0.12500000000387582
0.12500000000385947
0.12500000000384306
0.12500000000382663
0.12500000000381015
0.12500000000379369
0.12500000000377706
0.12500000000376060
0.12500000000374395
0.12500000000372732
0.12500000000371031
0.12500000000369302
0.12500000000367642
0.12500000000366118
0.12500000000364783
0.12500000000363337
0.12500000000361236
0.12500000000358136
0.12500000000354755
0.12500000000352987
0.12500000000354244
0.12500000000356132
0.12500000000353162
0.12500000000324102
0.12500000000265934
0.12500000000263115
0.12500000000000000
0.12500000000000000
0.12500000000000000
0.00000000000000000
0.00000000000000000
0.00000000000000000
-0.00000000001935146
-0.00000000001329061
-0.00000000001459938
-0.00000000001439806
-0.00000000001416573
-0.00000000001407429
-0.00000000001391924
-0.00000000001378053
-0.00000000001364007
-0.00000000001349910
-0.00000000001335857
-0.00000000001321801
-0.00000000001307730
-0.00000000001293667
-0.00000000001279600
-0.00000000001265476
-0.00000000001251314
-0.00000000001237150
-0.00000000001223039
-0.00000000001208934
-0.00000000001194799
-0.00000000001180686
-0.00000000001166602
-0.00000000001152522
-0.00000000001138417
-0.00000000001124314
-0.00000000001110242
-0.00000000001096172
-0.00000000001082054
-0.00000000001067928
-0.00000000001053847
-0.00000000001039769
-0.00000000001025697
-0.00000000001011631
-0.00000000000997554
-0.00000000000983470
-0.00000000000969390
-0.00000000000955285
-0.00000000000941188
-0.00000000000927117
-0.00000000000913040
-0.00000000000898937
-0.00000000000884826
-0.00000000000870747
-0.00000000000856677
-0.00000000000842585
-0.00000000000828492
-0.00000000000814417
-0.00000000000800339
-0.00000000000786272
-0.00000000000772218
-0.00000000000758109
-0.00000000000743775
-0.00000000000728504
-0.00000000000711968
-0.00000000000703435
-0.00000000000725514
-0.00000000000780426
-0.00000000000792286
-0.00000000000629642
-0.00000000000308905
-0.00000000000233681
-0.00000000000990699
-0.00000000002379065
-0.00000000002460901
0.00000000001302639
0.00000000007713456
0.00000000007984434
-0.00000000008979799
-0.00000000038053950
-0.00000000041562004
0.00000000029885999
0.00000000161718115
0.00000000202430955
-0.00000000069814076
-0.00000000654945327
-0.00000000996910506
-0.00000000118112986
0.00000002345774785
0.00000004653507291
0.00000002758241812
-0.00000006556586549
-0.00000019529939079
-0.00000021387352518
0.00000007044601466
0.00000067678453540
0.00000118957984607
0.00000074487819107
-0.00000140068321914
-0.00000470698316312
-0.00000629394811844
-0.00000139763740629
0.00001337612894935
0.00003448609970560
0.00004734941646845
0.00003040112544665
-0.00002486400448664
-0.00008733325411558
-0.00003872979412024
0.00045958481042242
0.00208095893889362
0.00533772633022569
0.01030576842019523
0.01671027340040000
0.02413264636330944
0.03218050183717736
0.04056573325909925
0.04910679517159097
0.05769802965328480
0.06627828334613521
0.07481014737639080
0.08326893076706118
0.09163739351823735
0.09990315918877944
0.10805724886746108
0.11609312665725394
0.12400603623650015
0.13179253311500916
0.13945015410581296
0.14697718162074949
0.15437247294406334
0.16163533442152545
0.16876542724028490
0.17576269585181042
0.18262731288100895
0.18935963619868024
0.19596017509557798
0.20242956337088958
0.20876853774283138
0.21497792039021571
0.22105860471647437
0.22701154364288179
0.23283773990500783
0.23853823794955792
0.24411411711630107
0.24956648585711882
0.25489647680263627
0.26010524253632117
0.26519395197002721
0.27016378723103585
0.27501594097642601
0.27975161406024568
0.28437201350196334
0.28887835073745000
0.29327184016148961
0.29755369797959941
0.30172514137365380
0.30578738796132776
0.30974165550956806
0.31358916185682040
0.31733112500570987
0.32096876335557378
0.32450329604122985
0.32793594332724885
0.33126792698256669
0.33450047054101167
0.33763479934980206
0.34067214032436716
0.34361372136077084
0.34646077039985879
0.34921451418206195
0.35187617677158112
0.35444697795752661
0.35692813165189063
0.35932084439493323
0.36162631404388434
0.36384572866113551
0.36598026554106849
0.36803109024313624
0.36999935547293938
0.37188619972916198
0.37369274584352918
0.37542009986140046
0.37706935096363220
0.37864157312357594
0.38013782864968726
0.38155917303722470
0.38290665979303234
0.38418134449160013
0.38538428776873107
0.38651655890457770
0.38757923912490072
0.38857342611510354
0.38950023668719996
0.39036081873896378
0.39115637559143474
0.39188821867321111
0.39255781989189187
0.39316674283919500
0.39371625170096541
0.39420596479624043
0.39463224829516758
0.39498541061880788
0.39525294637427960
0.39542532052089885
0.39549810342599312
0.39548556558696651
0.39542298791054870
0.39535230417869832
0.39531304407994600
0.39532262316857242
0.39536547676036971
0.39541366996701482
0.39544568100427835
0.39545276828646009
0.39544034337317896
0.39542039898361053
0.39540334375733982
0.39539381961999570
0.39539049746251020
0.39538959462075318
0.39538845355796320
0.39538676277741935
0.39538560044561155
0.39538583415943485
0.39538724461427144
0.39538876450846827
0.39538933624067168
0.39538862768159250
0.39538715221763121
0.39538583462917271
0.39538540871352296
0.39538606258512532
0.39538749711679377
0.39538924789591678
0.39539098100511466
0.39539257421480883
0.39539400789453405
0.39539522784812753
0.39539611533853519
0.39539656786572330
0.39539658710182973
0.39539626311221143
0.39539563012102041
0.39539450586085412
0.39539252851840612
0.39538952091301294
0.39538596428732142
0.39538301475142629
0.39538169048463173
0.39538177375116579
0.39538177102564243
0.39538063518387756
0.39537980987609572
0.39538271557180277
0.39539070180187236
0.39539908310284272
0.39539915876911963
0.39538737035776667
0.39537343177290896
0.39537571804861360
0.39540229248203873
0.39543375579241452
0.39543083329722106
0.39537057979435397
0.39528292659105180
0.39524559731914316
0.39532261655715117
0.39549037113068392
0.39562185988556248
0.39556528619453407
0.39527857339917022
0.39489993817393959
0.39468251144350464
0.39482703106209321
0.39527348094267145
0.39569150291146876
0.39560475025407310
0.39406492299731277
0.38734943505491304
0.36881307939642011
0.33796341843235250
0.30147808454652469
0.26890192502572807
0.24780232288756254
0.23949198933126956
0.23852042505007584
0.23991101796825234
0.24232311752657634
0.24495234776334066
0.24714415769155007
0.24848165146369874
0.24885408426514660
0.24843782206732398
0.24755319241765503
0.24651888761335430
0.24560827528816404
0.24500305072704917
0.24477100912813626
0.24488007705482959
0.24523496918200532
0.24571805190467685
0.24621585676244748
0.24663368586630655
0.24690633507900211
0.24700679429764399
0.24694901629428287
0.24677910484980536
0.24655595400585542
0.24633130217365087
0.24613995005894576
0.24600249010520314
0.24593259231700521
0.24593854166927409
0.24601673530971466
0.24614518483327993
0.24628710784493468
0.24640575932864306
0.24648026011585158
0.24650996764463587
0.24650495719842749
0.24647296795365392
0.24641569382788331
0.24633675249930315
0.24625102377858263
0.24618332620692054
0.24615496047110036
0.24616930957986274
0.24621052377714397
0.24625734281937026
0.24629795514253616
0.24633228740174345
0.24636380841104841
0.24638911583705955
0.24639343262124669
0.24636530144556637
0.24631840547732786
0.24627798725973396
0.24625200400534245
0.24624780232288940
0.24627174451661046
0.24627989024493865
0.24625482729769196
0.24629795659746831
0.24638768411112924
0.24615360002465972
0.24397615840869302
0.21240910179910311
0.08077314059933520
0.00589302215256048
0.00041316255141916
0.00000374851851899
-0.00000441159771835
0.00000798534757764
0.00000251117401370
-0.00000088874859380
-0.00000029085699602
0.00000017473547163
0.00000004435105991
-0.00000002868759686
-0.00000000583658322
0.00000000484360450
0.00000000076767281
-0.00000000079941959
-0.00000000009210509
0.00000000013249063
0.00000000001113356
-0.00000000002037136
0.00000000000020316
0.00000000000451477
0.00000000000108840
0.00000000000054452
0.00000000000113289
0.00000000000121837
0.00000000000114130
0.00000000000115219
0.00000000000118763
0.00000000000121225
0.00000000000123487
0.00000000000125695
0.00000000000127889
0.00000000000130085
0.00000000000132282
0.00000000000134476
0.00000000000136667
0.00000000000138859
0.00000000000141053
0.00000000000143246
0.00000000000145441
0.00000000000147637
0.00000000000149831
0.00000000000152027
0.00000000000154221
0.00000000000156414
0.00000000000158605
0.00000000000160796
0.00000000000162994
0.00000000000165160
0.00000000000167406
0.00000000000169623
0.00000000000171158
0.00000000000175720
0.00000000000174101
0.00000000000167646
0.00000000000231730
0.00000000000000000
0.00000000000000000
0.00000000000000000
2.50000000000000000
2.50000000000000000
2.50000000000000000
2.50000000005804957
2.50000000004099743
2.50000000004575362
2.50000000004604273
2.50000000004623724
2.50000000004684519
2.50000000004726441
2.50000000004773160
2.50000000004819167
2.50000000004865175
2.50000000004911804
2.50000000004958745
2.50000000005005507
2.50000000005052092
2.50000000005098455
2.50000000005145440
2.50000000005192469
2.50000000005239587
2.50000000005286571
2.50000000005333778
2.50000000005380718
2.50000000005427747
2.50000000005474732
2.50000000005521406
2.50000000005568213
2.50000000005615064
2.50000000005661871
2.50000000005708412
2.50000000005755130
2.50000000005802114
2.50000000005849099
2.50000000005895950
2.50000000005942624
2.50000000005989254
2.50000000006035838
2.50000000006082423
2.50000000006128920
2.50000000006175505
2.50000000006221823
2.50000000006268452
2.50000000006314904
2.50000000006361400
2.50000000006407630
2.50000000006453904
2.50000000006500267
2.50000000006546541
2.50000000006592726
2.50000000006639000
2.50000000006685275
2.50000000006731460
2.50000000006777512
2.50000000006823564
2.50000000006868861
2.50000000006910783
2.50000000006951151
2.50000000007020828
2.50000000007179191
2.50000000007434542
2.50000000007563061
2.50000000007176126
2.50000000006321743
2.50000000006193979
2.50000000008525713
2.50000000012726131
2.50000000013061729
2.50000000002022382
2.49999999983153387
2.49999999982446308
2.50000000032720360
2.50000000118816246
2.50000000129287825
2.49999999918034410
2.49999999528163208
2.49999999407828222
2.50000000213233742
2.50000001944167627
2.50000002955805156
2.50000000356381857
2.49999993068204018
2.49999986241947525
2.49999991848331149
2.50000019402081408
2.50000057777887896
2.50000063272305217
2.49999979169569508
2.49999799812300161
2.49999648125469909
2.49999779670122058
2.50000414336111643
2.50001392351627727
2.50001861773327017
2.50000413506840413
2.49996043014287705
2.49989799648597844
2.49986000951522591
2.49990972272264633
2.50007948365237409
2.50025832629011902
2.50010190529881493
2.49863122231049184
2.49384182352769557
2.48419534487348104
2.46946105551812289
2.45042671815303637
2.42831083171234408
2.40426099978134644
2.37912136616227254
2.35342500101908136
2.32748218602278945
2.30147218096350237
2.27550444065848145
2.24965110448883410
2.22396252007640438
2.19847484848932018
2.17321434450843531
2.14820014251596803
2.12344619514397737
2.09896264053084458
2.07475676923814856
2.05083371362223632
2.02719694668799200
2.00384864945032870
1.98078998595366063
1.95802131218500342
1.93554233684042609
1.91335224649191460
1.89144980407885255
1.86983342717132905
1.84850125073086335
1.82745117787620548
1.80668092128429447
1.78618803721803809
1.76596995370731480
1.74602399406742315
1.72634739668340575
1.70693733179192364
1.68779091583477880
1.66890522383150453
1.65027730011803619
1.63190416772021618
1.61378283656610333
1.59591031068251987
1.57828359446959676
1.56089969810425644
1.54375564209091332
1.52684846095334326
1.51017520604308975
1.49373294742902885
1.47751877483639915
1.46152979762832835
1.44576314387024119
1.43021595858226247
1.41488540135679930
1.39976864358913677
1.38486286563027194
1.37016525421756952
1.35567300056145634
1.34138329945390411
1.32729334970907198
1.31340035614519390
1.29970153317748172
1.28619410993053562
1.27287533662135544
1.25974249184312970
1.24679289033842666
1.23402389093628218
1.22143290458518328
1.20901740285079251
1.19677492778375250
1.18470310446735461
1.17279965744360237
1.16106243116612573
1.14948941258830684
1.13807875162685379
1.12682877429632655
1.11573798533504376
1.10480506264248723
1.09402885081705836
1.08340836202182045
1.07294278445236335
1.06263149383754874
1.05247406188940928
1.04247027283964955
1.03262013800691865
1.02292385669823016
1.01338154573071293
1.00399255937720411
0.99475449486941514
0.98566331600877333
0.97671995713894355
0.96795483188921883
0.95948811772417264
0.95162471229825474
0.94494075700005076
0.94021441844626463
0.93807634316918775
0.93840985343889693
0.94024102243589902
0.94226053675672428
0.94335865713302247
0.94312279772580510
0.94194337707901499
0.94057134947431198
0.93964149461676938
0.93941411169647093
0.93974586532750137
0.94029468146251549
0.94076175948620044
0.94102228413072797
0.94111764758743210
0.94115395995296158
0.94120415338727448
0.94127441034492654
0.94133123038536126
0.94134736633627025
0.94132731758544519
0.94130012688672549
0.94129351245292636
0.94131270245835241
0.94133879092018979
0.94134481477945464
0.94131547735542898
0.94125609237708541
0.94118636333129357
0.94112620729963903
0.94108511704496289
0.94106148235230280
0.94104938795434045
0.94104537684372813
0.94104981781993802
0.94106358881128882
0.94108475404783620
0.94110873075034951
0.94113128018268555
0.94115099978151417
0.94116904519653377
0.94118683427700722
0.94120418807721651
0.94121938971277264
0.94123053620831043
0.94123665520450561
0.94123791533749557
0.94123540337730816
0.94123090331778703
0.94122627299694839
0.94122203726205134
0.94121622667859461
0.94120553164491572
0.94118921317869308
0.94117241079031455
0.94116395743034187
0.94116792143508543
0.94117580926734545
0.94116996469609193
0.94113980079436521
0.94109857829811028
0.94108198840041923
0.94111918252325855
0.94119956913719638
0.94126506278900235
0.94124316833607402
0.94111650330973362
0.94094666168612473
0.94084794907336622
0.94092449900345920
0.94112876525221201
0.94132063928112319
0.94130377018736544
0.94058131170998371
0.93746208513779228
0.92886787268364090
0.91455717901871825
0.89763705664547377
0.88252744425093821
0.87275643671547409
0.86888253110166647
0.86844557529463784
0.86909223466800856
0.87019981532640811
0.87140197178653900
0.87241200313032030
0.87304140615539871
0.87322920076362121
0.87304150470632191
0.87261840379215094
0.87212110309754787
0.87169408590608499
0.87142651224686596
0.87133718140600791
0.87139264609527523
0.87154348829487005
0.87174916283254422
0.87197640894189743
0.87218638260399084
0.87233376325769918
0.87238561865268305
0.87234366825633969
0.87224559828556369
0.87213980006622893
0.87205449888609721
0.87198837523281025
0.87192912235104325
0.87187912243248633
0.87186077630649672
0.87189514557494030
0.87197567556884792
0.87206540144213807
0.87212344570946487
0.87213674412113018
0.87212622686104579
0.87212127800491046
0.87212828420213551
0.87212535504117794
0.87208846122716355
0.87202188547030179
0.87196116455829842
0.87194349492169310
0.87197325083487487
0.87201819453480012
0.87204197627393387
0.87203761915993694
0.87202817686345546
0.87204096562503575
0.87207750930097605
0.87210066968114541
0.87207310892700129
0.87201587811476666
0.87197760512658373
0.87196454220123221
0.87198587418506845
0.87205407679406000
0.87205855475368288
0.87196061490614141
0.87202117784015154
0.87220219449584790
0.87177585249275147
0.86667518708556368
0.78632759713093303
0.45457710305306881
0.26534989492166683
0.25115743278894320
0.25003326460295006
0.24997938740398160
0.25001941687178741
0.25000699613330024
0.24999755426334930
0.24999923430061513
0.25000046344442750
0.25000011693615454
0.24999992415378949
0.24999998456028683
0.25000001281900985
0.25000000203604539
0.24999999788949756
0.24999999976080325
0.25000000035490827
0.25000000003370837
0.24999999995023778
0.25000000000455669
0.25000000001584671
0.25000000000666350
0.25000000000511130
0.25000000000655825
0.25000000000667438
0.25000000000635558
0.25000000000627493
0.25000000000624606
0.25000000000621558
0.25000000000617145
0.25000000000612305
0.25000000000607481
0.25000000000602673
0.25000000000597894
0.25000000000593103
0.25000000000588268
0.25000000000583333
0.25000000000578332
0.25000000000573286
0.25000000000568195
0.25000000000563122
0.25000000000558104
0.25000000000553096
0.25000000000548073
0.25000000000543043
0.25000000000537975
0.25000000000532874
0.25000000000527756
0.25000000000522515
0.25000000000517431
0.25000000000512240
0.25000000000505290
0.25000000000506373
0.25000000000491096
0.25000000000463157
0.25000000000622080
0.25000000000000000
0.25000000000000000
0.25000000000000000
