-0.935290455818176,
-0.407252311706543,
-0.444702118635178,
-1.4065614938736,
-0.541405916213989,
0.468512326478958,
-0.323960304260254,
-0.500665247440338,
0.0863954797387123,
-1.97467017173767,
-1.32676947116852,
2.65736794471741,
1.16321992874146,
-0.631981253623962,
0.655252516269684,
-4.19955825805664,
1.77588725090027,
1.74782061576843,
0.242334827780724,
3.04002141952515,
0.745268642902374,
0.539143681526184,
-0.788989901542664,
0.775159418582916,
0.663716554641724,
0.275797545909882,
0.0838300734758377,
0.200184732675552,
0.326104819774628,
2.16184043884277,
0.453386962413788,
-0.666523456573486,
1.33965587615967,
-0.570439100265503,
0.370018124580383,
0.0197184197604656,
0.950272798538208,
0.979997038841248,
-1.35695481300354,
-0.0816840082406998,
2.18224024772644,
0.103307791054249,
-0.424599796533585,
0.955055236816406,
-1.69584560394287,
2.31532955169678,
-3.1013650894165,
1.50094819068909,
-0.472307235002518,
1.25528955459595,
1.35560476779938,
0.629230797290802,
1.82193696498871,
1.88293039798737,
-1.69573533535004,
1.02071762084961,
1.06807947158813,
-1.53553128242493,
0.431812435388565,
2.23317861557007,
0.665224373340607,
-0.93999171257019,
1.36696887016296,
0.177635446190834,
-0.722421944141388,
-1.74968636035919,
2.10953140258789,
-1.4354259967804,
-0.606016755104065,
0.173805519938469,
-0.94041383266449,
1.016352891922,
-0.819498300552368,
-1.26467871665955,
-0.119827702641487,
-2.35580396652222,
-0.18342013657093,
-0.621369600296021,
2.05182528495789,
-0.377476781606674,
1.78028631210327,
0.245910555124283,
0.857528805732727,
-0.972113132476807,
0.489421755075455,
-1.30900967121124,
-0.0807713270187378,
-1.88005316257477,
-0.37157815694809,
-0.908167123794556,
0.465909570455551,
-0.880155622959137,
2.09610962867737,
-2.4555823802948,
-0.784120857715607,
-0.552303791046143,
0.505348861217499,
-0.244284465909004,
-0.693257689476013,
0.923514902591705,
0.411506712436676,
-1.84410011768341,
0.617477238178253,
0.310234934091568,
-0.487185537815094,
-0.768862664699554,
-0.426428288221359,
0.076002225279808,
-1.0054612159729,
-0.32582214474678,
1.70248878002167,
-0.514231860637665