0.360904276371002,
0.588403880596161,
-0.238414019346237,
0.713051199913025,
-0.649576544761658,
-0.325343698263168,
0.867284893989563,
0.482344567775726,
0.7725670337677,
0.360565662384033,
-1.59024369716644,
-0.742458820343018,
0.545360863208771,
-1.58861362934113,
-0.433489352464676,
1.02075850963593,
0.799066245555878,
0.892927348613739,
-0.0805100798606873,
-0.185351267457008,
-0.46263974905014,
0.0633938014507294,
-0.145140558481216,
0.477101355791092,
0.182450532913208,
0.879886746406555,
0.693190693855286,
-0.736514806747437,
-0.149563565850258,
0.101251758635044,
-0.462003767490387,
0.0726983472704887,
-0.137890473008156,
0.45459058880806,
0.963208854198456,
0.0768399685621262,
-0.841208577156067,
-0.454031765460968,
1.720210313797,
-1.09962618350983,
-0.209928885102272,
1.37325954437256,
-0.184622436761856,
0.512675106525421,
1.43794238567352,
0.942973554134369,
-0.28238382935524,
0.628080606460571,
-0.553534328937531,
0.151375442743301,
-0.213436275720596,
0.374074876308441,
0.40293762087822,
0.293165773153305,
-1.2731865644455,
-0.0915534645318985,
0.833817958831787,
-0.0635737255215645,
-0.39596688747406,
-0.43732076883316,
1.25237727165222,
-0.371088027954102,
-0.0114116631448269,
-0.252160668373108,
-0.26813217997551,
-0.114957578480244,
0.495501607656479,
0.0290460418909788,
0.0983191505074501,
-0.452307194471359,
-0.855415821075439,
-0.913465321063995,
0.0271809305995703,
-0.566502809524536,
0.0819838121533394,
1.06743907928467,
1.66475164890289,
0.0304836891591549,
0.462984383106232,
0.0651043653488159,
0.410066068172455,
2.05626368522644,
-1.31731188297272,
-0.3818499147892,
1.13242828845978,
-0.194093555212021,
-0.286877512931824,
1.11050164699554,
-0.155889749526978,
-0.316234946250916,
0.0328229106962681,
-0.410609751939774,
-0.836300373077393,
-0.11656192690134,
0.299591153860092,
0.0916410386562347,
0.673012435436249,
0.0304539557546377,
0.598147571086884,
0.0576348900794983,
-0.548608958721161,
-0.828351616859436,
-0.707320332527161,
0.0647257938981056,
-0.0105054648593068,
-0.472098916769028,
1.02089607715607,
-1.63111174106598,
0.263539284467697,
-0.231096774339676,
0.412672191858292,
-0.151849120855331,
-0.0291767455637455,
-0.365889042615891,
-0.547534227371216,
0.44148576259613,
0.78550112247467,
-0.274975776672363,
-1.0063316822052,
0.591895937919617,
0.824482917785645,
0.287602663040161,
-0.443067908287048,
0.482816517353058,
0.794520556926727,
-0.210966527462006,
-0.212000951170921,
-0.225768059492111,
0.318111479282379,
-1.23467755317688,
1.92111241817474,
0.239213019609451,
0.199957802891731,
0.47686380147934,
-1.46386623382568,
0.82884556055069,
-0.075316034257412,
-0.965478003025055,
-0.0521412305533886,
0.0158156920224428,
-1.13636207580566,
-0.792537689208984,
-0.837797820568085,
0.225631862878799,
0.0533493347465992,
-1.24699985980988,
-0.0799884423613548,
0.249190703034401,
0.012489065527916,
-0.628260016441345,
1.8688633441925,
0.154344439506531,
-0.643773794174194,
0.289166867733002,
0.154734209179878,
0.513688683509827,
0.539906919002533,
-0.314360707998276,
0.715392351150513,
0.729324340820313,
-0.508570730686188,
-1.39237058162689,
0.233881056308746,
0.222726196050644,
-1.15884244441986,
-0.0327724367380142,
0.706775009632111,
0.403138846158981,
1.23831009864807,
1.45490074157715,
-0.177607133984566,
-0.649710416793823,
0.516298949718475,
-0.910883724689484,
-1.66701686382294,
-0.389605432748795,
-1.25049459934235,
-0.276244521141052,
-1.04845428466797,
0.767264127731323,
-0.851579666137695,
0.202997699379921,
0.564194738864899,
-0.434597492218018,
2.02473068237305,
1.17455720901489,
-0.627282559871674,
-1.2585860490799,
-1.34203398227692,
-0.792623996734619,
-0.659776329994202,
-0.699518501758575,
-0.350822597742081,
-0.0544555075466633,
-0.426365792751312,
0.164795368909836,
0.0239765383303165,
0.316445022821426,
-0.257487535476685,
0.0867561921477318,
-0.185569003224373,
0.0509644858539104,
-0.654224932193756,
0.815254807472229,
-0.0991810336709023,
0.261203020811081,
0.150112211704254,
0.393852144479752,
0.503553807735443,
-0.088409535586834,
-1.08593332767487,
-0.00492732832208276,
0.122826352715492,
1.60298192501068,
-0.337442010641098,
-1.81354510784149,
-1.55027294158936,
-1.38335919380188,
-0.416472226381302,
-0.146136447787285,
-0.746416628360748,
0.20776230096817,
1.88140320777893,
1.17116713523865,
0.338341265916824,
0.104060463607311,
0.254531353712082,
-0.399862855672836,
-0.393006831407547,
0.354006260633469,
2.02246809005737,
0.838797748088837,
-0.333671897649765,
1.08752262592316,
0.0527433417737484,
-1.24378550052643,
-1.09837651252747,
1.16143023967743,
-0.21598893404007,
0.221739679574966,
-0.382557362318039,
-1.70834279060364,
0.243203043937683,
0.206261858344078,
1.11764514446259,
-0.646530270576477,
-0.3382867872715,
1.91315817832947,
-0.112014256417751,
-0.895048439502716,
0.522484421730042,
0.593237996101379,
0.0639115199446678,
-0.5188929438591,
0.588217794895172,
-1.16239178180695