0.928747475147247,
0.118580423295498,
0.0733854696154594,
-0.216320112347603,
0.169354125857353,
-0.428392708301544,
0.843611776828766,
0.00536061264574528,
-0.137300744652748,
-0.49064639210701,
0.230988517403603,
-1.13217556476593,
0.981262445449829,
-0.275694042444229,
0.458381682634354,
-0.859836757183075,
-0.22091244161129,
-0.443158328533173,
-0.997133553028107,
-0.994887948036194,
-0.131350949406624,
-0.341392010450363,
0.456412494182587,
0.00402470072731376,
0.350713819265366,
0.262174665927887,
-0.048433355987072,
0.543828129768372,
0.915902376174927,
0.681087553501129,
-0.425360172986984,
0.208959579467773,
0.340678840875626,
1.26924169063568,
0.763332605361938,
1.23038351535797,
0.810515403747559,
0.351482480764389,
0.302027016878128,
-0.450287461280823,
1.04432547092438,
0.673821926116943,
-0.16774320602417,
1.87203669548035,
0.0531666539609432,
0.374954998493195,
0.566317498683929,
0.792478382587433,
0.232478484511375,
0.27703258395195,
0.256476700305939,
-0.456453740596771,
0.390097618103027,
-0.0704145431518555,
-1.4993953704834,
-0.247053876519203,
-0.0885710567235947,
1.01270878314972,
-0.245661944150925,
-0.478165984153748,
-0.589119374752045,
-0.59313553571701,
0.398999333381653,
-0.669425129890442,
-0.0824997052550316,
1.10110199451447,
1.09411704540253,
0.496543049812317,
0.864346265792847,
-0.000329156988300383,
-1.39900064468384,
-0.871215343475342,
0.848287403583527,
-0.450541794300079,
-0.338643670082092,
-0.230034217238426,
-0.237949028611183,
0.26269268989563,
-0.315437704324722,
-0.253818035125732,
1.08865928649902,
-0.076394334435463,
0.566563367843628,
0.00103327655233443,
0.109523482620716,
-0.468034714460373,
0.663373827934265,
1.03212201595306,
-0.965081572532654,
-0.355984181165695,
0.481167733669281,
0.939341366291046,
-1.43014979362488,
-0.308001816272736,
0.500514805316925,
-1.01503050327301,
0.123037494719028,
0.157860547304153,
-1.20148706436157,
-0.304913431406021,
0.599206209182739,
0.169961929321289,
0.132926970720291,
0.327926248311996,
0.809473216533661,
-0.842033326625824,
-0.943092823028564,
-0.0711575224995613,
0.370576560497284,
0.940639555454254,
-0.25031653046608,
0.601141631603241,
-0.548416614532471,
-0.305320858955383,
0.28328338265419,
0.239376679062843,
0.193948447704315,
-0.395745307207108,
-0.987083733081818,
0.818529903888702,
-0.00782305188477039,
-0.419385641813278,
0.0678071975708008,
-0.849334716796875,
0.414339423179626,
-0.874861598014832,
0.350040763616562,
0.125092908740044,
-2.28567171096802,
0.178147941827774,
-1.24453294277191,
-0.536106646060944,
-0.33182767033577,
0.216807708144188,
0.962031126022339,
0.266070246696472,
0.353542536497116,
-0.746428847312927,
-0.112563341856003,
0.431069135665894,
0.210946083068848,
0.136623814702034,
-0.317520797252655,
0.904275715351105,
1.36134874820709,
0.722247779369354,
0.181408777832985,
1.10303354263306,
0.672251045703888,
0.698297321796417,
1.40209496021271,
-0.364504516124725,
0.0594567619264126,
-0.135279625654221,
-0.23151583969593,
0.261116981506348,
0.158680856227875,
-0.550595581531525,
0.129326865077019,
0.498884439468384,
0.775023221969604,
-1.15530705451965,
0.251861751079559,
-0.824566602706909,
-1.20348429679871,
-0.361452966928482,
1.0070903301239,
-0.324127078056335,
-0.254802525043488,
0.240294933319092,
-0.123521827161312,
-1.06303858757019,
0.624724924564362,
-0.679011106491089,
0.447645723819733,
-0.398750871419907,
-0.070178896188736,
-0.921346306800842,
0.473232746124268,
-0.72577041387558,
-1.43326234817505,
0.325914084911346,
0.572706580162048,
-0.35582959651947,
-0.940600395202637,
-0.304235935211182,
1.19818484783173,
-2.14569902420044,
-0.258589446544647,
-1.05650389194489,
0.245821982622147,
-0.455048173666,
0.111858673393726,
-0.666933059692383,
0.480834454298019,
0.335937559604645,
-0.593557775020599,
-0.31837671995163,
-0.597215116024017,
0.334227859973907,
0.321096271276474,
-0.0689573511481285,
0.433640897274017,
-0.044014647603035,
0.16673955321312,
0.213584989309311,
0.455057501792908,
0.384808123111725,
1.45602095127106,
-1.76953423023224,
-0.788201570510864,
-1.39887094497681,
-0.987034201622009,
-0.308007955551147,
0.0303755272179842,
-1.13289976119995,
-1.18198478221893,
-0.16719862818718,
0.867197036743164,
-0.273155570030212,
-1.44690632820129,
-0.162217378616333,
0.307093858718872,
-0.526483416557312,
-0.922611653804779,
0.250266164541245,
-0.048527754843235,
-0.325054556131363,
-0.295904666185379,
0.401591271162033,
2.37485480308533,
0.671164512634277,
-0.517287075519562,
0.977664172649384,
0.887623727321625,
0.385577201843262,
0.373436331748962,
0.115243643522263,
-0.405085206031799,
0.617261648178101,
-0.842770636081696,
1.29267609119415,
-0.368617177009583,
0.987100780010223,
1.18235564231873,
0.127058207988739,
-0.248720690608025,
0.702932596206665,
0.736054003238678,
-0.151821777224541,
0.16470967233181,
1.43320500850677,
0.803732216358185,
-0.186717495322227,
0.13795517385006,
0.225798100233078