1.15496790409088,
-2.64888548851013,
-1.04019522666931,
-2.51979541778564,
-2.17798280715942,
-0.370641678571701,
1.26704525947571,
0.11978618055582,
-0.999509394168854,
-0.916245460510254,
1.34095215797424,
-0.649541139602661,
0.0827361866831779,
0.0823729187250137,
0.459993958473206,
0.202272862195969,
0.720434963703156,
0.259213000535965,
2.10143280029297,
0.901214301586151,
-0.9259153008461,
0.194479271769524,
-1.09689104557037,
-1.21036434173584,
-1.60115313529968,
1.27218496799469,
0.860655426979065,
-0.343869388103485,
-0.490477532148361,
-1.46317648887634,
0.929783463478088,
-1.12464797496796,
1.07307076454163,
1.51967513561249,
0.0043989447876811,
0.847959101200104,
1.84006333351135,
-0.378281027078629,
2.09795904159546,
1.68464481830597,
0.934219360351563,
-0.998437225818634,
-0.760026633739471,
-1.70810973644257,
-1.34021723270416,
0.738475382328033,
-0.0812694504857063,
-0.307410687208176,
-2.68247699737549,
1.54009389877319,
-1.25469100475311,
1.30571949481964,
0.789070963859558,
0.925322592258453,
-2.0838987827301,
-0.135086610913277,
1.28817009925842,
0.471503436565399,
-0.800763785839081,
2.4398946762085,
2.03310942649841,
1.25785028934479,
-0.640182197093964,
1.79511415958405