0.447213595499958
0.447213595499534
0.447213595323628
0.447213578216009
0.447212940212726
0.447201143782651
0.447075169928555
0.446218008572924
0.442246595195468
0.429123124406085
0.397163088275748
0.338461430080843
0.255851022352338
0.165884552550105
0.089685589132050
0.039470823442961
0.013826820717123
0.003766206986497
0.000776467029060
0.000117187139782
0.000012394447717
0.000000865505279
0.000000036635759
0.000000000825456
0.000000000007982
0.000000000000022
0.000000000000000
0.948683298050509
1.264911064046659
1.581138823305696
1.897366047198647
2.213576619131712
2.529528068875513
2.843148298411651
3.143487051635711
3.393033494116361
3.507578473382570
3.369451050648733
2.904114075903337
2.172717777914747
1.372284447087730
0.715139223745283
0.301404688658117
0.100751415476761
0.026149228709558
0.005137972558174
0.000740265958273
0.000074983188015
0.000005039997366
0.000000206906802
0.000000004572583
0.000000000044117
0.000000000000125
0.000000000000000
1.870828693386960
3.741657386712614
6.147008538406235
9.086879709309926
12.561182586886863
16.568367130954762
21.093155846023116
26.042991864983673
31.054220268487107
35.179210326790368
36.811926759448113
34.404833384591804
27.808571109939191
18.913918870363084
10.582427481484642
4.774629308556664
1.703585148031595
0.470493942583805
0.098035490030523
0.014918962398604
0.001588312582928
0.000111497205293
0.000004739694033
0.000000107164070
0.000000001039186
0.000000000002870
0.000000000000001
4.427188724234846
13.281566168875495
28.460497682280213
51.545023462825441
84.113257900388277
127.700483025969248
183.491746303614946
250.942817064097966
324.183534914436905
387.399769678713540
415.817376109865393
388.883369565113867
308.628140584649714
203.440050509943774
109.410281027835254
47.224493357919947
16.082817569486831
4.237743607762591
0.843343312687753
0.122875060792573
0.012574489726461
0.000853483384610
0.000035377543831
0.000000789567383
0.000000007696887
0.000000000021993
0.000000000000007
15.059880477610344
65.259482051580903
180.001421002436047
396.934674382206197
762.049185405592652
1329.261917725314106
2156.685058399260470
3286.949991412529471
4685.294100325666477
6131.715665228318358
7166.650557726698935
7264.807351191797352
6224.681796705117449
4414.137298049855417
2545.296606661659553
1174.083598138669913
425.900896817489354
119.117828598350343
25.064396798640175
3.843829359140133
0.411755706101555
0.029049034083610
0.001239887116489
0.000028127337994
0.000000273505558
0.000000000757076
0.000000000000216
